PlayerName,PlayerId,Pos,Team,PlayerOpponent,TacklesTot,TacklesAst,TacklesSck,TacklesTfl,TurnoverInt,TurnoverFrcFum,TurnoverFumRec,ScoreIntTd,ScoreFumTd,ScoreBlkTd,ScoreSaf,ScoreDef2ptRet,Blk,PDef,QBHit,ReturnIntYds,ReturnFumYds,PlayerWeekProjectedPts,ProjectedRank,Rank,TotalPoints,ProjectionDiff
Micah Abraham,2572108,DB,FA,Bye,,,,,,,,,,,,,,,,,,,251,1,0.00,
Kris Abrams-Draine,2571988,DB,DEN,@PHI,0.12,0.18,,,0.06,,,,,,,,,0.12,,,,0.80,217,2,0.00,-0.8
BJ Adams,2574315,DB,FA,Bye,,,,,,,,,,,,,,,,,,,252,3,0.00,
Jamal Adams,2557979,DB,LV,@IND,,,,,,,,,,,,,,,,,,0.00,253,4,0.00,0.0
Tony Adams,2568444,DB,NYJ,DAL,2.82,1.8,0.06,0.18,0.12,,,,,,,,,0.36,0.12,0.48,,7.10,69,5,0.00,-7.1
Paulson Adebo,2566346,DB,NYG,@NO,3.83,0.91,,0.11,0.23,,,0.06,,,,,,0.86,0.06,4.23,,9.82,10,6,0.00,-9.82
Jaire Alexander,2560952,DB,BAL,HOU,2.4,0.6,,0.06,0.12,,,,,,,,,0.6,,2.76,,6.06,102,7,0.00,-6.06
Kam Alexander,2574640,DB,FA,Bye,,,,,,,,,,,,,,,,,,,254,8,0.00,
Zy Alexander,2574553,DB,FA,Bye,,,,,,,,,,,,,,,,,,,255,9,0.00,
Dee Alford,2567244,DB,ATL,Bye,,,,,,,,,,,,,,,,,,,256,10,0.00,
Ugo Amadi,2562464,DB,NO,NYG,1.47,0.77,,0.12,,,,,,,,,,0.29,,,,3.57,144,11,0.00,-3.57
Trey Amos,2574603,DB,WAS,@LAC,0.35,0.29,,,,,,,,,,,,,,,,0.70,228,12,0.00,-0.7
Tycen Anderson,2567442,DB,CIN,DET,0.24,0.24,,,,,,,,,,,,,,,,0.50,248,13,0.00,-0.5
Zayne Anderson,2566977,DB,GB,Bye,,,,,,,,,,,,,,,,,,,257,14,0.00,
Daijahn Anthony,2571919,DB,CIN,DET,0.47,0.12,,,,,,,,,,,,0.18,,,,1.23,198,15,0.00,-1.23
Chigozie Anusiem,2573596,DB,ARI,TEN,,,,,,,,,,,,,,,,,,0.00,258,16,0.00,0.0
Eli Apple,2555277,DB,SF,@LAR,,,,,,,,,,,,,,,,,,0.00,259,17,0.00,0.0
Jalyn Armour-Davis,2567262,DB,TEN,@ARI,0.18,0.12,,,0.06,,,,,,,,,0.12,,,,0.85,215,18,0.00,-0.85
Cornell Armstrong,2561147,DB,MIA,@CAR,,,,,,,,,,,,,,,,,,0.00,260,19,0.00,0.0
Damon Arnette,2564409,DB,HOU,@BAL,,,,,,,,,,,,,,,,,,0.00,261,20,0.00,0.0
Grayland Arnold,2564814,DB,FA,Bye,,,,,,,,,,,,,,,,,,,262,21,0.00,
Terrion Arnold,2572009,DB,DET,@CIN,3,0.88,,,0.06,0.06,0.06,0.06,,,,,,0.65,,2.18,,7.45,60,22,0.00,-7.45
Alex Austin,2569591,DB,NE,@BUF,0.35,0.29,,,,,,,,,,,,,,,,0.70,229,23,0.00,-0.7
Tre Avery,2568801,DB,CLE,MIN,,,,,,,,,,,,,,,,,,0.00,263,24,0.00,0.0
Chidobe Awuzie,2557840,DB,BAL,HOU,1.3,0.65,,0.05,0.05,0.05,,,,,,,,0.3,,0.6,,3.54,145,25,0.00,-3.54
Budda Baker,2558009,DB,ARI,TEN,4.68,2.28,0.06,0.36,0.06,0.06,,,,,,,,0.3,0.18,0.84,,10.34,6,26,0.00,-10.34
Darrell Baker Jr.,2569161,DB,TEN,@ARI,1.41,0.45,,,,,,,,,,,,0.11,,,,2.66,164,27,0.00,-2.66
Johnathan Baldwin,2574123,DB,GB,Bye,,,,,,,,,,,,,,,,,,,264,28,0.00,
Corey Ballentine,2562228,DB,NE,@BUF,,,,,,,,,,,,,,,,,,0.00,265,29,0.00,0.0
Deonte Banks,2570155,DB,NYG,@NO,2.47,0.82,,0.06,0.12,0.06,0.06,,,,,,,0.71,,0.29,,6.76,79,30,0.00,-6.76
Marcus Banks,2573551,DB,FA,Bye,,,,,,,,,,,,,,,,,,,266,31,0.00,
Luq Barcoo,2564160,DB,FA,Bye,,,,,,,,,,,,,,,,,,,267,32,0.00,
Jahdae Barron,2574084,DB,DEN,@PHI,2.59,0.96,,0.06,0.06,,,,,,,,,0.39,0.06,,,5.77,111,33,0.00,-5.77
Shemar Bartholomew,2572678,DB,FA,Bye,,,,,,,,,,,,,,,,,,,268,34,0.00,
Essang Bassey,2563875,DB,FA,Bye,,,,,,,,,,,,,,,,,,,269,35,0.00,
Jessie Bates,2560970,DB,ATL,Bye,,,,,,,,,,,,,,,,,,,270,36,0.00,
Jordan Battle,2569648,DB,CIN,DET,3.88,2.53,0.06,0.24,0.12,,0.06,0.06,,,,,,0.41,,3.76,,9.69,12,37,0.00,-9.69
Miles Battle,2572808,DB,NE,@BUF,,,,,,,,,,,,,,,,,,0.00,271,38,0.00,0.0
Dalys Beanum,2574392,DB,NO,NYG,,,,,,,,,,,,,,,,,,0.00,272,39,0.00,0.0
D'Anthony Bell,2568630,DB,SEA,TB,,,,,,,,,,,,,,,,,,0.00,273,40,0.00,0.0
Markquese Bell,2568666,DB,DAL,@NYJ,,,,,,,,,,,,,,,,,,0.00,274,41,0.00,0.0
Dane Belton,2567988,DB,NYG,@NO,0.41,0.47,,,,,,,,,,,,,,,,0.90,208,42,0.00,-0.9
Christian Benford,2567322,DB,BUF,NE,2.82,0.78,,0.18,0.18,0.12,0.06,0.06,,,,,,0.72,0.06,3.42,,8.26,35,43,0.00,-8.26
Jakorian Bennett,2570038,DB,PHI,DEN,0.94,0.65,,,0.06,,,0.06,,,,,,0.29,,0.94,,3.01,154,44,0.00,-3.01
Jarrick Bernard-Converse,2570176,DB,CLE,MIN,0.35,0.47,,,,,,,,,,,,,,,,0.81,216,45,0.00,-0.81
Beanie Bishop Jr.,2573512,DB,PIT,Bye,,,,,,,,,,,,,,,,,,,275,46,0.00,
Cole Bishop,2571850,DB,BUF,NE,2.42,1.74,,0.17,0.06,0.06,,,,,,,,0.28,,0.9,,6.08,100,47,0.00,-6.08
Henry Black,2563974,DB,FA,Bye,,,,,,,,,,,,,,,,,,,276,48,0.00,
Korie Black,2574414,DB,NYJ,DAL,,,,,,,,,,,,,,,,,,0.00,277,49,0.00,0.0
Julian Blackmon,2564103,DB,NO,NYG,,,,,,,,,,,,,,,,,,0.00,278,50,0.00,0.0
Mekhi Blackmon,2570086,DB,IND,LV,1.25,0.42,,0.14,0.09,0.05,0.05,0.05,,,,,,0.42,,2.09,,4.20,127,51,0.00,-4.2
Josh Blackwell,2568054,DB,CHI,Bye,,,,,,,,,,,,,,,,,,,279,52,0.00,
DaRon Bland,2567490,DB,DAL,@NYJ,3.09,1.07,,0.06,0.17,,,0.06,,,,,,0.56,,5.4,,7.78,48,53,0.00,-7.78
Reed Blankenship,2568057,DB,PHI,DEN,3.24,1.74,,0.06,0.18,,0.06,,,,,,,0.36,,,,7.58,54,54,0.00,-7.58
Joshuah Bledsoe,2566331,DB,FA,Bye,,,,,,,,,,,,,,,,,,,280,55,0.00,
Joey Blount,2568225,DB,ARI,TEN,,,,,,,,,,,,,,,,,,0.00,281,56,0.00,0.0
Bubba Bolden,2568228,DB,FA,Bye,,,,,,,,,,,,,,,,,,,282,57,0.00,
Isaiah Bolden,2570116,DB,FA,Bye,,,,,,,,,,,,,,,,,,,283,58,0.00,
Ethan Bonner,2571144,DB,MIA,@CAR,0.18,0.24,,,,,,,,,,,,0.06,,,,0.56,245,59,0.00,-0.56
Andrew Booth,2567904,DB,FA,Bye,,,,,,,,,,,,,,,,,,,284,60,0.00,
Dicaprio Bootle,2566980,DB,FA,Bye,,,,,,,,,,,,,,,,,,,285,61,0.00,
Billy Bowman Jr.,2573907,DB,ATL,Bye,,,,,,,,,,,,,,,,,,,286,62,0.00,
Kris Boyd,2562630,DB,NYJ,DAL,0.35,0.47,,,,,,,,,,,,0.18,,,,1.26,195,63,0.00,-1.26
Ekow Boye-Doe,2571497,DB,FA,Bye,,,,,,,,,,,,,,,,,,,287,64,0.00,
Beau Brade,2572591,DB,NYG,@NO,,,,,,,,,,,,,,,,,,0.00,288,65,0.00,0.0
Millard Bradford,2573361,DB,FA,Bye,,,,,,,,,,,,,,,,,,,289,66,0.00,
Brian Branch,2569729,DB,DET,@CIN,4.5,1.74,0.12,0.42,0.18,0.06,,0.06,,,,,,0.9,0.3,4.38,,12.29,1,67,0.00,-12.29
Christian Braswell,2569876,DB,JAX,KC,,,,,,,,,,,,,,,,,,0.00,290,68,0.00,0.0
Julius Brents,2569840,DB,MIA,@CAR,1.53,0.71,,,0.06,0.06,,,,,,,,0.29,,0.82,,3.89,133,69,0.00,-3.89
Trikweze Bridges,2574506,DB,DAL,@NYJ,,,,,,,,,,,,,,,,,,0.00,291,70,0.00,0.0
Jaquan Brisker,2567370,DB,CHI,Bye,,,,,,,,,,,,,,,,,,,292,71,0.00,
Kendell Brooks,2571050,DB,FA,Bye,,,,,,,,,,,,,,,,,,,293,72,0.00,
Nate Brooks,2562843,DB,FA,Bye,,,,,,,,,,,,,,,,,,,294,73,0.00,
Natrone Brooks,2571422,DB,ATL,Bye,,,,,,,,,,,,,,,,,,,295,74,0.00,
Will Brooks,2574666,DB,FA,Bye,,,,,,,,,,,,,,,,,,,296,75,0.00,
JaTravis Broughton,2573976,DB,FA,Bye,,,,,,,,,,,,,,,,,,,297,76,0.00,
Ji'Ayir Brown,2570287,DB,SF,@LAR,2.64,1.41,,0.17,0.11,,,,,,,,,0.39,,0.68,,6.44,94,77,0.00,-6.44
Kahzir Brown,2574127,DB,FA,Bye,,,,,,,,,,,,,,,,,,,298,78,0.00,
Mike Brown,2569050,DB,TEN,@ARI,,,,,,,,,,,,,,,,,,0.00,299,79,0.00,0.0
Montaric Brown,2567727,DB,JAX,KC,0.35,0.29,,,,,,,,,,,,0.12,,,,1.00,206,80,0.00,-1.0
Omar Brown,2573082,DB,FA,Bye,,,,,,,,,,,,,,,,,,,300,81,0.00,
Sydney Brown,2570200,DB,PHI,DEN,0.24,0.18,,,,0.06,,,,,,,,,,,,0.68,236,82,0.00,-0.68
Tony Brown,2560982,DB,FA,Bye,,,,,,,,,,,,,,,,,,,301,83,0.00,
Tre Brown,2566550,DB,LAR,SF,1.6,0.46,,,0.06,0.06,,,,,,,,0.23,,,,3.67,139,84,0.00,-3.67
Jarvis Brownlee Jr.,2572060,DB,TEN,@ARI,2.31,1.29,,0.34,0.11,0.06,0.06,,,,,,,0.62,,1.74,,7.01,72,85,0.00,-7.01
Cobee Bryant,2573908,DB,ATL,Bye,,,,,,,,,,,,,,,,,,,302,86,0.00,
Coby Bryant,2568234,DB,SEA,TB,3,1.53,0.06,0.06,0.06,0.06,,,,,,,,0.47,0.18,2.71,,7.40,63,87,0.00,-7.4
Myles Bryant,2564592,DB,HOU,@BAL,,,,,,,,,,,,,,,,,,0.00,303,88,0.00,0.0
Javon Bullard,2572027,DB,GB,Bye,,,,,,,,,,,,,,,,,,,304,89,0.00,
Calen Bullock,2572081,DB,HOU,@BAL,3.47,1.12,,0.06,0.18,0.06,0.06,,,,,,,0.71,,3.88,,8.77,23,90,0.00,-8.77
Terrell Burgess,2564331,DB,NO,NYG,,,,,,,,,,,,,,,,,,0.00,305,91,0.00,0.0
Denzel Burke,2574477,DB,ARI,TEN,0.65,0.53,,0.06,,,,,,,,,,0.12,,,,1.68,181,92,0.00,-1.68
Artie Burns,2555344,DB,MIA,@CAR,0.94,0.47,,0.06,,,,,,,,,,0.18,,,,2.23,170,93,0.00,-2.23
Major Burns,2574005,DB,FA,Bye,,,,,,,,,,,,,,,,,,,306,94,0.00,
Deon Bush,2555155,DB,KC,@JAX,,,,,,,,,,,,,,,,,,0.00,307,95,0.00,0.0
Josh Butler,2571753,DB,DAL,@NYJ,0.12,0.18,,,,,,,,,,,,0.12,,,,0.59,244,96,0.00,-0.59
Percy Butler,2568318,DB,WAS,@LAC,1.35,1.16,,0.13,,,,,,,,,,0.13,,,,3.24,150,97,0.00,-3.24
Kevin Byard,2555158,DB,CHI,Bye,,,,,,,,,,,,,,,,,,,308,98,0.00,
Camryn Bynum,2566295,DB,IND,LV,4.88,1.71,,0.12,0.18,0.06,0.12,,,,,,,0.47,,0.82,,10.69,4,99,0.00,-10.69
Keydrain Calligan,2574620,DB,IND,LV,,,,,,,,,,,,,,,,,,0.00,309,100,0.00,0.0
Elijah Campbell,2561455,DB,MIA,@CAR,0.18,0.12,,,,,,,,,,,,0.12,,,,0.64,243,101,0.00,-0.64
Tyson Campbell,2566151,DB,JAX,KC,2.98,1.35,,0.14,0.14,,,,,,,,,0.5,,0.99,,7.26,67,102,0.00,-7.26
Derrick Canteen,2574537,DB,SF,@LAR,,,,,,,,,,,,,,,,,,0.00,310,103,0.00,0.0
Caelen Carson,2571967,DB,DAL,@NYJ,0.71,0.41,,0.06,0.06,,0.06,,,,,,,0.12,,,,1.97,176,104,0.00,-1.97
Ajani Carter,2574652,DB,FA,Bye,,,,,,,,,,,,,,,,,,,311,105,0.00,
Michael Carter II,2565717,DB,NYJ,DAL,0.88,0.65,,0.12,0.06,,0.06,,,,,,,0.29,,1.35,,2.93,156,106,0.00,-2.93
Sebastian Castro,2574491,DB,PIT,Bye,,,,,,,,,,,,,,,,,,,312,107,0.00,
Tariq Castro-Fields,2568201,DB,FA,Bye,,,,,,,,,,,,,,,,,,,313,108,0.00,
Zion Childress,2574070,DB,DAL,@NYJ,,,,,,,,,,,,,,,,,,0.00,314,109,0.00,0.0
Jeremy Chinn,2563632,DB,LV,@IND,4.37,2.4,0.06,0.31,0.06,0.06,0.12,,,,,,,0.25,0.18,,,9.84,9,110,0.00,-9.84
Lewis Cine,2567910,DB,FA,Bye,,,,,,,,,,,,,,,,,,,315,111,0.00,
Andre Cisco,2566154,DB,NYJ,DAL,2.58,1.44,0.03,0.06,0.12,0.06,,,,,,,,0.36,0.06,2.22,,6.52,92,112,0.00,-6.52
Alijah Clark,2574071,DB,DAL,@NYJ,,,,,,,,,,,,,,,,,,0.00,316,113,0.00,0.0
Chuck Clark,2558248,DB,PIT,Bye,,,,,,,,,,,,,,,,,,,317,114,0.00,
Dean Clark,2574433,DB,NYJ,DAL,,,,,,,,,,,,,,,,,,0.00,318,115,0.00,0.0
Hudson Clark,2574287,DB,FA,Bye,,,,,,,,,,,,,,,,,,,319,116,0.00,
Jordan Clark,2574434,DB,NYJ,DAL,,,,,,,,,,,,,,,,,,0.00,320,117,0.00,0.0
Kei'Trel Clark,2570230,DB,ARI,TEN,0.18,0.18,,,,,,,,,,,,0.12,,,,0.68,237,118,0.00,-0.68
Brandon Codrington,2572856,DB,BUF,NE,0.18,0.29,,0.06,,,,,,,,,,,,,,0.53,247,119,0.00,-0.53
Jordan Colbert,2573256,DB,MIA,@CAR,,,,,,,,,,,,,,,,,,0.00,321,120,0.00,0.0
Chamarri Conner,2569927,DB,KC,@JAX,3.49,1.13,0.08,0.28,0.11,0.11,0.06,,,,,,,0.34,0.34,2.64,,8.43,29,121,0.00,-8.43
Alex Cook,2570587,DB,FA,Bye,,,,,,,,,,,,,,,,,,,322,122,0.00,
Bryan Cook,2567787,DB,KC,@JAX,2.98,1.07,,0.06,0.06,,0.06,,,,,,,0.23,,0.39,,6.06,103,123,0.00,-6.06
Ryan Cooper Jr.,2572603,DB,FA,Bye,,,,,,,,,,,,,,,,,,,323,124,0.00,
Te'Cory Couch,2573644,DB,FA,Bye,,,,,,,,,,,,,,,,,,,324,125,0.00,
Jacobe Covington,2574242,DB,FA,Bye,,,,,,,,,,,,,,,,,,,325,126,0.00,
Kitan Crawford,2574481,DB,ARI,TEN,,,,,,,,,,,,,,,,,,0.00,326,127,0.00,0.0
Nick Cross,2567700,DB,IND,LV,4.76,3.18,,0.41,0.12,0.06,,,,,,,,0.35,,1.29,,11.21,2,128,0.00,-11.21
Brandon Crossley,2574371,DB,FA,Bye,,,,,,,,,,,,,,,,,,,327,129,0.00,
Kam Curl,2565270,DB,LAR,SF,2.98,1.63,0.06,0.11,0.06,0.06,0.06,,,,,,,0.45,0.17,0.96,,7.46,59,130,0.00,-7.46
Fentrell Cypress II,2574609,DB,FA,Bye,,,,,,,,,,,,,,,,,,,328,131,0.00,
Cameron Dantzler,2564526,DB,FA,Bye,,,,,,,,,,,,,,,,,,,329,132,0.00,
Ronald Darby,2552689,DB,FA,Bye,,,,,,,,,,,,,,,,,,,330,133,0.00,
Ashtyn Davis,2564793,DB,MIA,@CAR,1.52,0.58,,0.13,0.04,0.02,0.04,0.02,,,,,,0.17,,1.26,,3.62,142,134,0.00,-3.62
Carlton Davis III,2561039,DB,NE,@BUF,2.29,0.71,,0.12,0.12,0.06,0.06,,,,,,,0.65,,0.94,,6.39,98,135,0.00,-6.39
Jaden Davis,2572408,DB,FA,Bye,,,,,,,,,,,,,,,,,,,331,136,0.00,
Jalen Davis,2561316,DB,CIN,DET,,,,,,,,,,,,,,,,,,0.00,332,137,0.00,0.0
Elliott Davison,2574396,DB,NO,NYG,,,,,,,,,,,,,,,,,,0.00,333,138,0.00,0.0
Jamel Dean,2562556,DB,TB,@SEA,2.89,0.98,,,0.06,,,,,,,,,0.49,,1.42,,6.41,97,139,0.00,-6.41
Cooper DeJean,2572375,DB,PHI,DEN,2.48,1.07,0.06,0.23,0.06,0.06,0.11,,,,,,,0.39,0.11,1.52,,6.44,95,140,0.00,-6.44
Grant Delpit,2563773,DB,CLE,MIN,4.14,2.28,0.06,0.36,0.06,,0.06,,,,,,,0.12,0.24,0.84,,8.96,20,141,0.00,-8.96
MJ Devonshire,2572222,DB,FA,Bye,,,,,,,,,,,,,,,,,,,334,142,0.00,
Marcellas Dial Jr.,2572291,DB,NE,@BUF,0.35,0.29,,,,,,,,,,,,,,,,0.70,230,143,0.00,-0.7
Quandre Diggs,2552262,DB,TEN,@ARI,,,,,,,,,,,,,,,,,,0.00,335,144,0.00,0.0
Trevon Diggs,2563836,DB,DAL,@NYJ,2.16,0.47,,,0.12,,,,,,,,,0.7,,0.93,,5.72,112,145,0.00,-5.72
Malik Dixon-Williams,2574263,DB,FA,Bye,,,,,,,,,,,,,,,,,,,336,146,0.00,
Khalil Dorsey,2565336,DB,DET,@CIN,0.12,0.18,,,0.06,,,,,,,,,0.06,,,,0.65,241,147,0.00,-0.65
Mello Dotson,2574290,DB,FA,Bye,,,,,,,,,,,,,,,,,,,337,148,0.00,
Rasul Douglas,2558168,DB,MIA,@CAR,,,,,,,,,,,,,,,,,,0.00,338,149,0.00,0.0
Michael Dowell,2572992,DB,FA,Bye,,,,,,,,,,,,,,,,,,,339,150,0.00,
Storm Duck,2573259,DB,MIA,@CAR,2.93,1.33,,0.13,0.13,,,,,,,,,0.47,,2.53,,7.10,70,151,0.00,-7.1
Kyle Dugger,2564601,DB,NE,@BUF,1.06,0.26,0.03,0.11,0.03,0.03,,,,,,,,0.06,0.06,,,2.36,166,152,0.00,-2.36
Isaiah Dunn,2565720,DB,FA,Bye,,,,,,,,,,,,,,,,,,,340,153,0.00,
Cobie Durant,2567826,DB,LAR,SF,2.14,1,0.07,0.21,0.14,0.07,,0.07,,,,,,0.71,0.21,4.79,,7.32,65,154,0.00,-7.32
Brandin Echols,2565726,DB,PIT,Bye,,,,,,,,,,,,,,,,,,,341,155,0.00,
Chris Edmonds,2573025,DB,CLE,MIN,,,,,,,,,,,,,,,,,,0.00,342,156,0.00,0.0
Terrell Edmunds,2560712,DB,LV,@IND,,,,,,,,,,,,,,,,,,0.00,343,157,0.00,0.0
Johnathan Edwards,2574186,DB,IND,LV,,,,,,,,,,,,,,,,,,0.00,344,158,0.00,0.0
Mike Edwards,2562259,DB,KC,@JAX,,,,,,,,,,,,,,,,,,0.00,345,159,0.00,0.0
Kaiir Elam,2567331,DB,DAL,@NYJ,1.28,0.64,,0.12,0.06,,,,,,,,,0.29,,0.7,,3.44,147,160,0.00,-3.44
DeShon Elliott,2560715,DB,PIT,Bye,,,,,,,,,,,,,,,,,,,346,161,0.00,
Martin Emerson,2567466,DB,CLE,MIN,,,,,,,,,,,,,,,,,,0.00,347,162,0.00,0.0
Nick Emmanwori,2574558,DB,SEA,TB,1.82,1.47,0.06,0.12,0.12,0.06,,,,,,,,0.24,0.18,,,5.23,117,163,0.00,-5.23
Marcus Epps,2562946,DB,PHI,DEN,,,,,,,,,,,,,,,,,,0.00,348,164,0.00,0.0
Akayleb Evans,2567913,DB,CAR,MIA,,,,,,,,,,,,,,,,,,0.00,349,165,0.00,0.0
JayVian Farr,2574662,DB,FA,Bye,,,,,,,,,,,,,,,,,,,350,166,0.00,
AJ Finley,2571294,DB,SEA,TB,,,,,,,,,,,,,,,,,,0.00,351,167,0.00,0.0
Minkah Fitzpatrick,2560725,DB,MIA,@CAR,3.82,1.41,,0.06,0.12,0.06,,,,,,,,0.29,,2.59,,8.11,38,168,0.00,-8.11
Cordale Flott,2567997,DB,NYG,@NO,0.41,0.29,,,,,,,,,,,,0.12,,,,1.09,201,169,0.00,-1.09
Dallis Flowers,2568906,DB,CHI,Bye,,,,,,,,,,,,,,,,,,,352,170,0.00,
Tre Flowers,2560728,DB,FA,Bye,,,,,,,,,,,,,,,,,,,353,171,0.00,
Tra Fluellen,2573905,DB,FA,Bye,,,,,,,,,,,,,,,,,,,354,172,0.00,
Emmanuel Forbes,2570371,DB,LAR,SF,0.88,0.35,,,,,,,,,,,,0.12,,,,1.83,178,173,0.00,-1.83
Mike Ford,2561527,DB,ATL,Bye,,,,,,,,,,,,,,,,,,,355,174,0.00,
Darrick Forrest,2566598,DB,FA,Bye,,,,,,,,,,,,,,,,,,,356,175,0.00,
O'Donnell Fortune,2574423,DB,FA,Bye,,,,,,,,,,,,,,,,,,,357,176,0.00,
Sam Franklin Jr.,2563638,DB,BUF,NE,0.12,0.18,,,0.06,,0.06,,,,,,,0.06,,,,0.71,225,177,0.00,-0.71
Zah Frazier,2574009,DB,CHI,Bye,,,,,,,,,,,,,,,,,,,358,178,0.00,
Jordan Fuller,2564340,DB,ATL,Bye,,,,,,,,,,,,,,,,,,,359,179,0.00,
Kristian Fulton,2564046,DB,KC,@JAX,2.33,0.67,,0.13,0.07,,,,,,,,,0.33,,1.2,,5.20,118,180,0.00,-5.2
Tyrek Funderburk,2573563,DB,MIN,@CLE,,,,,,,,,,,,,,,,,,0.00,360,181,0.00,0.0
Keenan Garber,2574346,DB,FA,Bye,,,,,,,,,,,,,,,,,,,361,182,0.00,
Sauce Gardner,2568027,DB,NYJ,DAL,2.14,0.96,,0.11,0.06,,,,,,,,,0.68,0.06,0.73,,5.92,107,183,0.00,-5.92
C.J. Gardner-Johnson,2562588,DB,HOU,@BAL,,,,,,,,,,,,,,,,,,0.00,362,184,0.00,0.0
Mekhi Garner,2570644,DB,FA,Bye,,,,,,,,,,,,,,,,,,,363,185,0.00,
Allan George,2568591,DB,FA,Bye,,,,,,,,,,,,,,,,,,,364,186,0.00,
Isaac Gifford,2573982,DB,FA,Bye,,,,,,,,,,,,,,,,,,,365,187,0.00,
Alohi Gilman,2565042,DB,LAC,WAS,3.58,0.98,0.05,0.11,0.11,,,,,,,,,0.33,,2.22,,7.51,57,188,0.00,-7.51
Stephon Gilmore,2533062,DB,FA,Bye,,,,,,,,,,,,,,,,,,,366,189,0.00,
Steven Gilmore,2570954,DB,FA,Bye,,,,,,,,,,,,,,,,,,,367,190,0.00,
Christian Gonzalez,2570122,DB,NE,@BUF,2.94,0.65,0.06,0.06,0.18,,0.06,0.06,,,,,,0.71,0.12,4.06,,7.91,42,191,0.00,-7.91
Mario Goodrich,2568084,DB,FA,Bye,,,,,,,,,,,,,,,,,,,368,192,0.00,
C.J. Goodwin,2550767,DB,DAL,@NYJ,,,,,,,,,,,,,,,,,,0.00,369,193,0.00,0.0
Kyler Gordon,2567391,DB,CHI,Bye,,,,,,,,,,,,,,,,,,,370,194,0.00,
Thomas Graham Jr.,2565923,DB,FA,Bye,,,,,,,,,,,,,,,,,,,371,195,0.00,
Richie Grant,2565818,DB,FA,Bye,,,,,,,,,,,,,,,,,,,372,196,0.00,
J.T. Gray,2561206,DB,BAL,HOU,,,,,,,,,,,,,,,,,,0.00,373,197,0.00,0.0
A.J. Green,2563782,DB,LAR,SF,,,,,,,,,,,,,,,,,,0.00,374,198,0.00,0.0
Art Green,2570918,DB,NYG,@NO,0.41,0.29,,,,,,,,,,,,,,,,0.79,219,199,0.00,-0.79
Renardo Green,2572495,DB,SF,@LAR,3.29,0.94,,0.06,0.12,0.12,0.06,0.06,,,,,,0.82,,2.12,,8.85,22,200,0.00,-8.85
Shaquill Griffin,2558259,DB,SEA,TB,,,,,,,,,,,,,,,,,,0.00,375,201,0.00,0.0
Kamal Hadden,2572165,DB,GB,Bye,,,,,,,,,,,,,,,,,,,376,202,0.00,
Kahlef Hailassie,2570719,DB,MIN,@CLE,,,,,,,,,,,,,,,,,,0.00,377,203,0.00,0.0
Maxwell Hairston,2573959,DB,BUF,NE,1.29,0.59,0.06,0.12,0.06,0.06,,,,,,,,0.29,0.12,1.12,,3.83,134,204,0.00,-3.83
Bryce Hall,2564796,DB,TB,@SEA,,,,,,,,,,,,,,,,,,0.00,378,205,0.00,0.0
Darren Hall,2565821,DB,ARI,TEN,,,,,,,,,,,,,,,,,,0.00,379,206,0.00,0.0
Kemon Hall,2562975,DB,FA,Bye,,,,,,,,,,,,,,,,,,,380,207,0.00,
Tyler Hall,2563497,DB,FA,Bye,,,,,,,,,,,,,,,,,,,381,208,0.00,
Erick Hallett,2569903,DB,DET,@CIN,,,,,,,,,,,,,,,,,,0.00,382,209,0.00,0.0
Antonio Hamilton,2556804,DB,WAS,@LAC,,,,,,,,,,,,,,,,,,0.00,383,210,0.00,0.0
Kyle Hamilton,2567274,DB,BAL,HOU,4.33,1.97,0.11,0.17,0.11,0.06,0.06,0.06,,,,,,0.56,0.28,2.08,,10.66,5,211,0.00,-10.66
Damar Hamlin,2565872,DB,BUF,NE,2.86,0.97,,0.11,0.06,,0.06,,,,,,,0.23,,,,5.88,108,212,0.00,-5.88
Dominique Hampton,2572567,DB,FA,Bye,,,,,,,,,,,,,,,,,,,384,213,0.00,
Jordan Hancock,2573960,DB,BUF,NE,0.18,0.29,,,,,,,,,,,,,,,,0.44,249,214,0.00,-0.44
Harrison Hand,2564547,DB,FA,Bye,,,,,,,,,,,,,,,,,,,385,215,0.00,
Myles Harden,2571952,DB,CLE,MIN,,,,,,,,,,,,,,,,,,0.00,386,216,0.00,0.0
Daequan Hardy,2571868,DB,FA,Bye,,,,,,,,,,,,,,,,,,,387,217,0.00,
Bruce Harmon,2574075,DB,FA,Bye,,,,,,,,,,,,,,,,,,,388,218,0.00,
Thomas Harper,2573421,DB,DET,@CIN,0.35,0.24,,,,,,,,,,,,0.24,,,,1.27,193,219,0.00,-1.27
Jermari Harris,2574150,DB,FA,Bye,,,,,,,,,,,,,,,,,,,389,220,0.00,
Marcus Harris,2574151,DB,TEN,@ARI,,,,,,,,,,,,,,,,,,0.00,390,221,0.00,0.0
Will Harris,2562395,DB,WAS,@LAC,3.66,1.5,,0.12,0.06,,0.06,,,,,,,0.42,,0.48,,7.91,43,222,0.00,-7.91
Ronnie Harrison,2561008,DB,ATL,Bye,,,,,,,,,,,,,,,,,,,391,223,0.00,
Cam Hart,2572471,DB,LAC,WAS,2.18,0.59,0.06,,0.06,0.06,0.06,,,,,,,0.47,0.18,0.82,,5.52,113,224,0.00,-5.52
Jaylinn Hawkins,2563500,DB,NE,@BUF,3,1,,0.25,0.06,0.06,,,,,,,,0.25,,1.63,,6.57,88,225,0.00,-6.57
Tre Hawkins III,2570164,DB,FA,Bye,,,,,,,,,,,,,,,,,,,392,226,0.00,
Josh Hayes,2570362,DB,TB,@SEA,0.41,0.47,,,0.06,0.06,0.06,,,,0.06,,,0.18,,,,2.07,174,227,0.00,-2.07
Kaleb Hayes,2571020,DB,FA,Bye,,,,,,,,,,,,,,,,,,,393,228,0.00,
Azizi Hearn,2571087,DB,FA,Bye,,,,,,,,,,,,,,,,,,,394,229,0.00,
DeMarcco Hellams,2569552,DB,ATL,Bye,,,,,,,,,,,,,,,,,,,395,230,0.00,
C.J. Henderson,2564199,DB,ATL,Bye,,,,,,,,,,,,,,,,,,,396,231,0.00,
Jack Henderson,2573984,DB,TB,@SEA,,,,,,,,,,,,,,,,,,0.00,397,232,0.00,0.0
Tre Herndon,2561340,DB,FA,Bye,,,,,,,,,,,,,,,,,,,398,233,0.00,
Tyron Herring,2574131,DB,FA,Bye,,,,,,,,,,,,,,,,,,,399,234,0.00,
Ronnie Hickman Jr.,2570867,DB,CLE,MIN,3.24,1.32,0.06,0.06,0.06,,0.06,,,,,,,0.12,0.18,1.44,,6.57,89,235,0.00,-6.57
Elijah Hicks,2567397,DB,CHI,Bye,,,,,,,,,,,,,,,,,,,400,236,0.00,
Jaden Hicks,2572171,DB,KC,@JAX,4,1.12,,0.35,0.12,,,,,,,,,0.41,,2.71,,8.73,24,237,0.00,-8.73
Daxton Hill,2567451,DB,CIN,DET,2.97,1.09,0.11,0.11,0.06,,,,,,,,,0.51,0.23,0.97,,7.13,68,238,0.00,-7.13
Mike Hilton,2556559,DB,FA,Bye,,,,,,,,,,,,,,,,,,,401,239,0.00,
Nate Hobbs,2566259,DB,GB,Bye,,,,,,,,,,,,,,,,,,,402,240,0.00,
Jevon Holland,2566283,DB,NYG,@NO,2.88,1.32,0.06,0.18,0.06,0.06,0.06,,,,,,,0.3,0.18,2.04,,6.89,73,241,0.00,-6.89
Garnett Hollis Jr.,2574644,DB,FA,Bye,,,,,,,,,,,,,,,,,,,403,242,0.00,
Christian Holmes,2568330,DB,FA,Bye,,,,,,,,,,,,,,,,,,,404,243,0.00,
Darnay Holmes,2564739,DB,LV,@IND,1.15,0.65,,0.05,0.05,,,,,,,,,0.2,0.05,0.6,,2.91,158,244,0.00,-2.91
Gavin Holmes,2574110,DB,FA,Bye,,,,,,,,,,,,,,,,,,,405,245,0.00,
Maxen Hook,2574459,DB,FA,Bye,,,,,,,,,,,,,,,,,,,406,246,0.00,
Amani Hooker,2562666,DB,TEN,@ARI,2.52,1.54,,0.18,0.12,0.06,0.06,,,,,,,0.43,0.06,1.23,,6.81,77,247,0.00,-6.81
Malik Hooker,2558060,DB,DAL,@NYJ,2.59,1.41,,0.11,0.11,,0.06,,,,,,,0.23,,1.86,,5.98,105,248,0.00,-5.98
Jaycee Horn,2565893,DB,CAR,MIA,2.06,1.03,0.06,0.23,0.17,,,0.06,,,,,,0.69,0.11,3.2,,6.89,74,249,0.00,-6.89
Xavien Howard,2555539,DB,IND,LV,1.23,0.71,,0.06,0.06,,,,,,,,,0.47,,0.71,,3.77,137,250,0.00,-3.77
Jordan Howden,2570140,DB,NO,NYG,0.65,0.53,0.06,,0.12,,,,,,,,,0.41,,,,2.86,160,251,0.00,-2.86
Talanoa Hufanga,2566529,DB,DEN,@PHI,3.15,1.4,,0.06,0.06,,,,,,,,,0.29,0.06,,,6.62,85,252,0.00,-6.62
Mike Hughes,2560746,DB,ATL,Bye,,,,,,,,,,,,,,,,,,,407,253,0.00,
John Humphrey,2574296,DB,FA,Bye,,,,,,,,,,,,,,,,,,,408,254,0.00,
Marlon Humphrey,2558067,DB,BAL,HOU,3.06,1.02,,0.18,0.18,0.06,,,,,,,,0.54,0.12,1.5,,7.77,49,255,0.00,-7.77
Alijah Huzzie,2574171,DB,HOU,@BAL,,,,,,,,,,,,,,,,,,0.00,409,256,0.00,0.0
Noah Igbinoghene,2564457,DB,WAS,@LAC,1.04,0.82,,,0.05,,,,,,,,,0.27,,,,2.90,159,257,0.00,-2.9
Desmond Igbinosun,2573934,DB,FA,Bye,,,,,,,,,,,,,,,,,,,410,258,0.00,
Tanner Ingle,2570011,DB,LAR,SF,,,,,,,,,,,,,,,,,,0.00,411,259,0.00,0.0
Ja'Marcus Ingram,2569336,DB,BUF,NE,0.73,0.45,,0.06,0.06,,,,,,,,,0.17,0.11,2.14,,2.22,171,260,0.00,-2.22
Keenan Isaac,2571623,DB,FA,Bye,,,,,,,,,,,,,,,,,,,412,261,0.00,
D.J. Ivey,2569660,DB,CIN,DET,0.24,0.24,,,0.06,,,,,,,,,0.12,,,,1.01,204,262,0.00,-1.01
Christian Izien,2571593,DB,TB,@SEA,2.52,1.74,,0.18,0.06,0.06,,,,,,,,0.12,,0.66,,5.84,110,263,0.00,-5.84
Adoree' Jackson,2558065,DB,PHI,DEN,1.97,0.86,,0.06,,0.06,0.06,,,,,,,0.43,,,,4.91,120,264,0.00,-4.91
Dan Jackson,2574112,DB,DET,@CIN,,,,,,,,,,,,,,,,,,0.00,413,265,0.00,0.0
Dane Jackson,2563614,DB,BUF,NE,,,,,,,,,,,,,,,,,,0.00,414,266,0.00,0.0
Donte Jackson,2560753,DB,LAC,WAS,2.06,0.59,,0.06,0.12,,,,,,,,,0.35,,1.53,,4.88,121,267,0.00,-4.88
Keondre Jackson,2573935,DB,BAL,HOU,,,,,,,,,,,,,,,,,,0.00,415,268,0.00,0.0
Lamar Jackson,2565513,DB,FA,Bye,,,,,,,,,,,,,,,,,,,416,269,0.00,
Mike Jackson,2562434,DB,CAR,MIA,3.47,0.94,,0.12,0.12,,,,,,,,,0.88,,0.82,,8.60,26,270,0.00,-8.6
Theo Jackson,2567652,DB,MIN,@CLE,0.35,0.24,,0.12,0.06,,,,,,,,,0.24,0.06,,,1.69,180,271,0.00,-1.69
Derwin James,2560760,DB,LAC,WAS,3.42,1.86,0.18,0.48,0.12,,0.06,,,,,,,0.42,0.36,0.3,,9.05,19,272,0.00,-9.05
DJ James,2572519,DB,FA,Bye,,,,,,,,,,,,,,,,,,,417,273,0.00,
LaMareon James,2574050,DB,FA,Bye,,,,,,,,,,,,,,,,,,,418,274,0.00,
D'Shawn Jamison,2571318,DB,PIT,Bye,,,,,,,,,,,,,,,,,,,419,275,0.00,
Shemar Jean-Charles,2566079,DB,SEA,TB,,,,,,,,,,,,,,,,,,0.00,420,276,0.00,0.0
Tony Jefferson,2540164,DB,LAC,WAS,,,,,,,,,,,,,,,,,,0.00,421,277,0.00,0.0
Rayshawn Jenkins,2558182,DB,CLE,MIN,0.35,0.47,,0.18,,,,,,,,,,,,,,1.08,203,278,0.00,-1.08
Gabe Jeudy-Lally,2573461,DB,FA,Bye,,,,,,,,,,,,,,,,,,,422,279,0.00,
Josh Jobe,2568087,DB,SEA,TB,2.04,0.53,,,0.06,,,,,,,,,0.47,,1.4,,4.81,123,280,0.00,-4.81
Alex Johnson,2573494,DB,FA,Bye,,,,,,,,,,,,,,,,,,,423,281,0.00,
Anthony Johnson Jr.,2569789,DB,NYG,@NO,,,,,,,,,,,,,,,,,,0.00,424,282,0.00,0.0
Antonio Johnson,2569879,DB,JAX,KC,0.28,0.23,,,,,,,,,,,,,,,,0.56,246,283,0.00,-0.56
Brandon Johnson,2574461,DB,PHI,DEN,,,,,,,,,,,,,,,,,,0.00,425,284,0.00,0.0
Emany Johnson,2573055,DB,LAC,WAS,,,,,,,,,,,,,,,,,,0.00,426,285,0.00,0.0
Isaiah Johnson,2573265,DB,MIA,@CAR,,,,,,,,,,,,,,,,,,0.00,427,286,0.00,0.0
Jaylon Johnson,2563701,DB,CHI,Bye,,,,,,,,,,,,,,,,,,,428,287,0.00,
Lonnie Johnson,2562295,DB,LV,@IND,0.35,0.24,,,,,,,,,,,,0.29,,,,1.39,191,288,0.00,-1.39
Nazeeh Johnson,2567793,DB,KC,@JAX,0.35,0.24,,,0.06,,,,,,,,,0.24,,,,1.48,190,289,0.00,-1.48
Quindell Johnson,2569981,DB,FA,Bye,,,,,,,,,,,,,,,,,,,429,290,0.00,
Taron Johnson,2560766,DB,BUF,NE,3.54,1.44,0.06,0.12,0.12,0.06,0.06,,,,,,,0.42,0.06,1.62,,8.30,33,291,0.00,-8.3
Tysheem Johnson,2574012,DB,FA,Bye,,,,,,,,,,,,,,,,,,,430,292,0.00,
Will Johnson,2574484,DB,ARI,TEN,2.82,1,,0.06,0.12,,,,,,,,,0.53,,2.18,,6.74,82,293,0.00,-6.74
Shaun Jolly,2568645,DB,FA,Bye,,,,,,,,,,,,,,,,,,,431,294,0.00,
Brandon Jones,2564469,DB,DEN,@PHI,4.39,1.63,,0.11,0.17,0.06,0.06,,,,,,,0.51,0.06,4.05,,10.03,7,295,0.00,-10.03
Dom Jones,2574052,DB,CLE,MIN,,,,,,,,,,,,,,,,,,0.00,432,296,0.00,0.0
Elijah Jones,2572417,DB,ARI,TEN,,,,,,,,,,,,,,,,,,0.00,433,297,0.00,0.0
Jack Jones,2567940,DB,MIA,@CAR,,,,,,,,,,,,,,,,,,0.00,434,298,0.00,0.0
Jarrian Jones,2572144,DB,JAX,KC,3,0.76,0.06,0.12,0.12,,,,,,,,,0.71,0.18,1.71,,7.60,53,299,0.00,-7.6
Jaylon Jones,2569870,DB,IND,LV,2.76,1.24,,0.12,0.06,,,,,,,,,0.41,,0.65,,6.32,99,300,0.00,-6.32
Jaylon Jones,2567406,DB,CHI,Bye,,,,,,,,,,,,,,,,,,,435,301,0.00,
Jonathan Jones,2556571,DB,WAS,@LAC,1.3,0.27,,,0.03,0.03,,,,,,,,0.17,,0.37,,2.76,163,302,0.00,-2.76
Marcus Jones,2567943,DB,NE,@BUF,3.38,0.85,,0.08,0.15,0.08,0.08,0.08,,,,,,0.77,,3.69,,8.95,21,303,0.00,-8.95
Nic Jones,2569933,DB,NYG,@NO,0.41,0.29,,,,,,,,,,,,0.12,,,,1.09,202,304,0.00,-1.09
Kerby Joseph,2567550,DB,DET,@CIN,3.21,1.29,,0.06,0.23,,,,,,,,,0.68,,2.98,,8.28,34,305,0.00,-8.28
PJ Jules,2572998,DB,CIN,DET,0.24,0.24,,0.12,,,0.12,,,,,,,,,,,0.80,218,306,0.00,-0.8
Gregory Junior,2567748,DB,FA,Bye,,,,,,,,,,,,,,,,,,,436,307,0.00,
Sanoussi Kane,2571829,DB,BAL,HOU,,,,,,,,,,,,,,,,,,0.00,437,308,0.00,0.0
Damontae Kazee,2558184,DB,CLE,MIN,0.29,0.29,,0.06,,,,,,,,,,,,,,0.70,231,309,0.00,-0.7
Kyu Blu Kelly,2569570,DB,LV,@IND,,,,,,,,,,,,,,,,,,0.00,438,310,0.00,0.0
Anthony Kendall,2571467,DB,CLE,MIN,0.12,0.18,,0.06,,,,,,,,,,0.12,,,,0.68,238,311,0.00,-0.68
Derion Kendrick,2567841,DB,SEA,TB,0.53,0.35,,,0.06,,,,,,,,,0.18,,,,1.67,182,312,0.00,-1.67
Ian Kennelly,2574114,DB,FA,Bye,,,,,,,,,,,,,,,,,,,439,313,0.00,
Donte Kent,2574497,DB,PIT,Bye,,,,,,,,,,,,,,,,,,,440,314,0.00,
Devon Key,2566995,DB,DEN,@PHI,0.12,0.18,,0.12,0.06,,0.06,0.06,,,,,,0.06,,,,1.13,199,315,0.00,-1.13
Jaylen Key,2572366,DB,FA,Bye,,,,,,,,,,,,,,,,,,,441,316,0.00,
Miles Killebrew,2555315,DB,PIT,Bye,,,,,,,,,,,,,,,,,,,442,317,0.00,
Jalen Kimber,2574154,DB,BUF,NE,,,,,,,,,,,,,,,,,,0.00,443,318,0.00,0.0
Kamren Kinchens,2572204,DB,LAR,SF,1.94,0.76,,0.06,0.06,0.06,0.06,,,,,,,0.24,,2.88,,4.63,124,319,0.00,-4.63
Kalen King,2572039,DB,CAR,MIA,,,,,,,,,,,,,,,,,,0.00,444,320,0.00,0.0
Kevin King,2557996,DB,FA,Bye,,,,,,,,,,,,,,,,,,,445,321,0.00,
Kevin Knowles,2574249,DB,KC,@JAX,,,,,,,,,,,,,,,,,,0.00,446,322,0.00,0.0
Kader Kohou,2569032,DB,MIA,@CAR,,,,,,,,,,,,,,,,,,0.00,447,323,0.00,0.0
Bilhal Kone,2573938,DB,BAL,HOU,0.12,0.12,0.12,,,,,,,,,,,0.12,,,,0.79,220,324,0.00,-0.79
Quentin Lake,2567844,DB,LAR,SF,4.32,2.04,0.06,0.06,0.06,,0.06,,,,,,,0.36,0.06,1.56,,9.17,17,325,0.00,-9.17
Chris Lammons,2561226,DB,IND,LV,,,,,,,,,,,,,,,,,,0.00,448,326,0.00,0.0
Cam Lampkin,2573817,DB,LAR,SF,,,,,,,,,,,,,,,,,,0.00,449,327,0.00,0.0
Rayuan Lane III,2574221,DB,JAX,KC,0.35,0.29,,,,,,,,,,,,,,,,0.70,232,328,0.00,-0.7
Kamari Lassiter,2572102,DB,HOU,@BAL,2.64,1.14,,0.18,0.12,,,,,,,,,0.54,,0.84,,6.71,83,329,0.00,-6.71
Marshon Lattimore,2558061,DB,WAS,@LAC,1.56,0.56,,,0.06,,,,,,,,,0.28,,0.89,,3.62,143,330,0.00,-3.62
Raheem Layne,2569206,DB,NYG,@NO,,,,,,,,,,,,,,,,,,0.00,450,331,0.00,0.0
Deommodore Lenoir,2566535,DB,SF,@LAR,3.09,1.8,,0.11,0.11,,,,,,,,,0.56,,2.03,,7.73,51,332,0.00,-7.73
Deane Leonard,2568180,DB,LAC,WAS,0.18,0.24,,,,,,0.06,,,,,,0.24,,,,1.25,197,333,0.00,-1.25
Cam Lewis,2563205,DB,BUF,NE,,,,,,,,,,,,,,,,,,0.00,451,334,0.00,0.0
Clarence Lewis,2574155,DB,FA,Bye,,,,,,,,,,,,,,,,,,,452,335,0.00,
Jourdan Lewis,2557920,DB,JAX,KC,2.25,1.94,0.06,0.13,0.06,0.06,0.06,,,,,,,0.44,0.13,2.88,,6.60,86,336,0.00,-6.6
P.J. Locke,2563012,DB,DEN,@PHI,1.49,0.97,0.06,0.06,0.06,0.06,,,,,,,,0.06,0.06,,,3.63,141,337,0.00,-3.63
David Long,2562798,DB,FA,Bye,,,,,,,,,,,,,,,,,,,453,338,0.00,
Robert Longerbeam,2573939,DB,BAL,HOU,,,,,,,,,,,,,,,,,,0.00,454,339,0.00,0.0
Julian Love,2562414,DB,SEA,TB,4.53,1.82,,0.18,0.18,0.12,0.06,,,,,,,0.59,,2.47,,10.82,3,340,0.00,-10.82
Keni-H Lovely,2572914,DB,JAX,KC,,,,,,,,,,,,,,,,,,0.00,455,341,0.00,0.0
Reuben Lowery,2573941,DB,BAL,HOU,,,,,,,,,,,,,,,,,,0.00,456,342,0.00,0.0
Shaquan Loyal,2574032,DB,FA,Bye,,,,,,,,,,,,,,,,,,,457,343,0.00,
Chase Lucas,2567553,DB,SF,@LAR,0.35,0.41,,,,,,,,,,,,,,,,0.77,221,344,0.00,-0.77
Darrell Luter Jr.,2570305,DB,SF,@LAR,0.35,0.41,,,,,,,,,,,,,,,,0.77,222,345,0.00,-0.77
Bralyn Lux,2574033,DB,CIN,DET,,,,,,,,,,,,,,,,,,0.00,458,346,0.00,0.0
Avonte Maddox,2560795,DB,DET,@CIN,,,,,,,,,,,,,,,,,,0.00,459,347,0.00,0.0
Jaylen Mahoney,2573527,DB,FA,Bye,,,,,,,,,,,,,,,,,,,460,348,0.00,
Jason Maitre,2573852,DB,MIA,@CAR,,,,,,,,,,,,,,,,,,0.00,461,349,0.00,0.0
Dontae Manning,2573913,DB,CHI,Bye,,,,,,,,,,,,,,,,,,,462,350,0.00,
Jason Marshall Jr.,2574327,DB,MIA,@CAR,1.43,0.86,,,,,,,,,,,,0.14,,,,3.01,155,351,0.00,-3.01
Keyon Martin,2573944,DB,BAL,HOU,,,,,,,,,,,,,,,,,,0.00,463,352,0.00,0.0
Quan Martin,2570377,DB,WAS,@LAC,2.76,1.91,0.03,0.11,0.06,0.11,,,,,,,,0.23,0.06,1.35,,6.76,80,353,0.00,-6.76
Tyrann Mathieu,2540180,DB,FA,Bye,,,,,,,,,,,,,,,,,,,464,354,0.00,
Damarri Mathis,2567529,DB,CAR,MIA,0.12,0.18,,,0.12,,,0.06,,,,,,0.24,,,,1.55,188,355,0.00,-1.55
Christian Matthew,2568114,DB,FA,Bye,,,,,,,,,,,,,,,,,,,465,356,0.00,
Arthur Maulet,2559087,DB,FA,Bye,,,,,,,,,,,,,,,,,,,466,357,0.00,
BJ Mayes,2574464,DB,FA,Bye,,,,,,,,,,,,,,,,,,,467,358,0.00,
Tanner McCalister,2570855,DB,FA,Bye,,,,,,,,,,,,,,,,,,,468,359,0.00,
Nick McCloud,2566638,DB,CHI,Bye,,,,,,,,,,,,,,,,,,,469,360,0.00,
Jaylen McCollough,2573734,DB,LAR,SF,1.65,0.59,0.06,,0.12,,,,,,,,,0.29,0.06,1.12,,4.16,128,361,0.00,-4.16
Tristin McCollum,2568882,DB,LV,@IND,,,,,,,,,,,,,,,,,,0.00,470,362,0.00,0.0
Zyon McCollum,2568309,DB,TB,@SEA,3.18,1.41,,0.06,0.12,,,,,,,,,0.88,,0.59,,8.35,32,363,0.00,-8.35
Marcelino McCrary-Ball,2569260,DB,NYJ,DAL,0.77,0.41,,0.12,,,,,,,,,,,,,,1.58,186,364,0.00,-1.58
Roger McCreary,2567655,DB,TEN,@ARI,2.76,0.72,0.06,0.54,0.06,,,,,,,,,0.3,0.12,0.78,,6.55,90,365,0.00,-6.55
Cameron McCutcheon,2571512,DB,FA,Bye,,,,,,,,,,,,,,,,,,,471,366,0.00,
Robert McDaniel,2574614,DB,WAS,@LAC,,,,,,,,,,,,,,,,,,0.00,472,367,0.00,0.0
Trent McDuffie,2567802,DB,KC,@JAX,2.71,0.88,0.06,0.18,0.18,0.06,,,,,,,,0.82,0.24,2.18,,8.07,39,368,0.00,-8.07
Dwight McGlothern,2573310,DB,MIN,@CLE,0.35,0.24,,0.06,0.12,,,,,,,,,0.18,,,,1.63,184,369,0.00,-1.63
Xavier McKinney,2564766,DB,GB,Bye,,,,,,,,,,,,,,,,,,,473,370,0.00,
Kool-Aid McKinstry,2572321,DB,NO,NYG,2.35,0.76,,0.18,0.12,,,0.06,,,,,,0.59,,2.71,,6.48,93,371,0.00,-6.48
Kyler McMichael,2569302,DB,FA,Bye,,,,,,,,,,,,,,,,,,,474,372,0.00,
Ja'Quan McMillian,2568747,DB,DEN,@PHI,3.15,1.07,0.06,0.28,0.11,0.06,0.06,,,,,,,0.45,0.11,1.69,,7.80,46,373,0.00,-7.8
Donovan McMillon,2574059,DB,CLE,MIN,,,,,,,,,,,,,,,,,,0.00,475,374,0.00,0.0
Patrick McMorris,2572246,DB,FA,Bye,,,,,,,,,,,,,,,,,,,476,375,0.00,
Zech McPhearson,2566406,DB,FA,Bye,,,,,,,,,,,,,,,,,,,477,376,0.00,
Mac McWilliams,2574466,DB,PHI,DEN,,,,,,,,,,,,,,,,,,0.00,478,377,0.00,0.0
Ifeatu Melifonwu,2566064,DB,MIA,@CAR,3.21,0.99,0.12,0.23,0.06,0.06,,,,,,,,0.35,0.29,,,7.43,61,378,0.00,-7.43
Max Melton,2572420,DB,ARI,TEN,2.86,1.5,,0.21,0.07,0.07,,,,,,,,0.5,,1,,7.28,66,379,0.00,-7.28
Kaevon Merriweather,2571626,DB,TB,@SEA,0.41,0.47,,,,,,,,,,,,,,,,0.90,209,380,0.00,-0.9
Josh Metellus,2564568,DB,MIN,@CLE,4.06,2.53,0.06,0.12,0.06,0.12,0.06,0.06,,,,,,0.29,0.18,1.94,,9.72,11,381,0.00,-9.72
R.J. Mickens,2574522,DB,LAC,WAS,0.18,0.24,,,,,,,,,,,,0.18,,,,0.86,213,382,0.00,-0.86
D.J. Miller,2572838,DB,FA,Bye,,,,,,,,,,,,,,,,,,,479,383,0.00,
Glendon Miller,2574251,DB,FA,Bye,,,,,,,,,,,,,,,,,,,480,384,0.00,
Jalen Mills,2555383,DB,FA,Bye,,,,,,,,,,,,,,,,,,,481,385,0.00,
Josh Minkins,2574377,DB,FA,Bye,,,,,,,,,,,,,,,,,,,482,386,0.00,
Kobee Minor,2574378,DB,NE,@BUF,,,,,,,,,,,,,,,,,,0.00,483,387,0.00,0.0
Cameron Mitchell,2569684,DB,CLE,MIN,1.12,0.69,,0.11,0.05,,,,,,,,,0.16,,,,2.83,162,388,0.00,-2.83
Quinyon Mitchell,2572387,DB,PHI,DEN,2.18,0.65,,,0.12,0.06,0.06,0.06,,,,,,0.82,,3.47,,6.76,81,389,0.00,-6.76
Tre'von Moehrig,2566268,DB,CAR,MIA,3.43,1.69,0.06,0.23,0.17,,0.06,0.06,,,,,,0.56,0.11,3.15,,9.08,18,390,0.00,-9.08
Elijah Molden,2566115,DB,LAC,WAS,1.43,0.46,,0.04,0.04,0.04,0.04,,,,,,,0.11,,0.86,,3.10,152,391,0.00,-3.1
Jarius Monroe,2572708,DB,FA,Bye,,,,,,,,,,,,,,,,,,,484,392,0.00,
Kenny Moore II,2558976,DB,IND,LV,3.06,1.5,0.06,0.24,0.18,,0.06,,,,,,,0.42,0.12,1.98,,7.84,45,393,0.00,-7.84
Malachi Moore,2574444,DB,NYJ,DAL,0.77,0.41,,0.06,,,,,,,,,,,,,,1.49,189,394,0.00,-1.49
Tarvarius Moore,2561117,DB,FA,Bye,,,,,,,,,,,,,,,,,,,485,395,0.00,
TJ Moore,2574425,DB,NYG,@NO,,,,,,,,,,,,,,,,,,0.00,486,396,0.00,0.0
Fabian Moreau,2558136,DB,MIN,@CLE,,,,,,,,,,,,,,,,,,0.00,487,397,0.00,0.0
Benjamin Morrison,2574592,DB,TB,@SEA,0.45,0.51,,,,,,,,,,,,0.06,,,,1.13,200,398,0.00,-1.13
Riley Moss,2569723,DB,DEN,@PHI,1.29,0.62,,,,,,,,,,,,0.25,,,,2.93,157,399,0.00,-2.93
R.J. Moten,2574647,DB,FA,Bye,,,,,,,,,,,,,,,,,,,488,400,0.00,
Jabbar Muhammad,2574227,DB,JAX,KC,,,,,,,,,,,,,,,,,,0.00,489,401,0.00,0.0
Israel Mukuamu,2566013,DB,CAR,MIA,,,,,,,,,,,,,,,,,,0.00,490,402,0.00,0.0
Andrew Mukuba,2574469,DB,PHI,DEN,2.64,1.44,,0.06,0.06,0.06,0.06,,,,,,,0.24,0.06,1.26,,6.07,101,403,0.00,-6.07
Byron Murphy,2562318,DB,MIN,@CLE,2.76,1.08,,0.24,0.24,0.06,0.06,0.06,,,,,,0.78,,4.26,,8.59,27,404,0.00,-8.59
Sean Murphy-Bunting,2562635,DB,ARI,TEN,0.17,0.17,0.06,,0.06,,,,,,,,,0.34,,1.09,,1.57,187,405,0.00,-1.57
Eric Murray,2555173,DB,JAX,KC,3.09,1.58,0.06,0.06,0.06,0.06,,,,,,,,0.45,0.17,,,7.42,62,406,0.00,-7.42
Malik Mustapha,2572504,DB,SF,@LAR,2.22,1.63,,0.06,0.06,0.06,,,,,,,,0.23,,0.53,,5.41,116,407,0.00,-5.41
Siran Neal,2560818,DB,SF,@LAR,,,,,,,,,,,,,,,,,,0.00,491,408,0.00,0.0
Nik Needham,2563220,DB,NYJ,DAL,,,,,,,,,,,,,,,,,,0.00,492,409,0.00,0.0
Greg Newsome II,2565980,DB,CLE,MIN,1.6,0.55,,0.06,0.06,,,,,,,,,0.37,,0.8,,3.98,131,410,0.00,-3.98
Quinton Newsome,2573680,DB,FA,Bye,,,,,,,,,,,,,,,,,,,493,411,0.00,
Josh Newton,2571943,DB,CIN,DET,1.69,0.45,,0.11,0.06,,,,,,,,,0.34,,1.24,,4.07,129,412,0.00,-4.07
Parry Nickerson,2560822,DB,PHI,DEN,,,,,,,,,,,,,,,,,,0.00,494,413,0.00,0.0
Ben Nikkel,2573605,DB,IND,LV,,,,,,,,,,,,,,,,,,0.00,495,414,0.00,0.0
Keisean Nixon,2562938,DB,GB,Bye,,,,,,,,,,,,,,,,,,,496,415,0.00,
Morice Norris Jr.,2573139,DB,FA,Bye,,,,,,,,,,,,,,,,,,,497,416,0.00,
Tyler Nubin,2572345,DB,NYG,@NO,3.96,3.12,,0.3,,0.12,0.06,,,,,,,0.18,,,,9.19,15,417,0.00,-9.19
George Odum,2561131,DB,FA,Bye,,,,,,,,,,,,,,,,,,,498,418,0.00,
Michael Ojemudia,2563908,DB,FA,Bye,,,,,,,,,,,,,,,,,,,499,419,0.00,
Ty Okada,2571354,DB,SEA,TB,,,,,,,,,,,,,,,,,,0.00,500,420,0.00,0.0
Jeff Okudah,2563944,DB,MIN,@CLE,0.41,0.35,,,0.12,,,,,,,,,0.41,,,,2.27,168,421,0.00,-2.27
Kitan Oladapo,2572051,DB,GB,Bye,,,,,,,,,,,,,,,,,,,501,422,0.00,
Jordan Oladokun,2574523,DB,LAC,WAS,,,,,,,,,,,,,,,,,,0.00,502,423,0.00,0.0
Isaiah Oliver,2560830,DB,NYJ,DAL,2.65,1.06,0.06,0.12,0.06,,0.06,,,,,,,0.24,0.12,0.88,,5.87,109,424,0.00,-5.87
Amani Oruwariye,2562390,DB,FA,Bye,,,,,,,,,,,,,,,,,,,503,425,0.00,
Gervarrius Owens,2570161,DB,CHI,Bye,,,,,,,,,,,,,,,,,,,504,426,0.00,
Jonathan Owens,2561255,DB,CHI,Bye,,,,,,,,,,,,,,,,,,,505,427,0.00,
Tyler Owens,2573608,DB,WAS,@LAC,0.35,0.29,,,,,,,,,,,,,,,,0.70,233,428,0.00,-0.7
Wande Owens,2573967,DB,BUF,NE,,,,,,,,,,,,,,,,,,0.00,506,429,0.00,0.0
Makari Paige,2574426,DB,FA,Bye,,,,,,,,,,,,,,,,,,,507,430,0.00,
Roman Parodie,2574593,DB,FA,Bye,,,,,,,,,,,,,,,,,,,508,431,0.00,
Jacob Parrish,2574594,DB,TB,@SEA,,,,,,,,,,,,,,,,,,0.00,509,432,0.00,0.0
Rico Payton,2573394,DB,NYG,@NO,0.59,0.29,,,0.06,,,,,,,,,0.29,,,,1.99,175,433,0.00,-1.99
Jabrill Peppers,2557980,DB,PIT,Bye,,,,,,,,,,,,,,,,,,,510,434,0.00,
Mark Perry,2573277,DB,FA,Bye,,,,,,,,,,,,,,,,,,,511,435,0.00,
Dell Pettus,2573346,DB,NE,@BUF,1.38,1.02,0.07,0.11,0.04,,,,,,,,,0.18,0.11,0.64,,3.65,140,436,0.00,-3.65
Andru Phillips,2572348,DB,NYG,@NO,2.76,1.59,0.06,0.29,0.06,0.06,,0.06,,,,,,0.18,0.12,1.65,,6.87,75,437,0.00,-6.87
Clark Phillips III,2569546,DB,ATL,Bye,,,,,,,,,,,,,,,,,,,512,438,0.00,
Joshua Pickett,2574096,DB,FA,Bye,,,,,,,,,,,,,,,,,,,513,439,0.00,
James Pierre,2565003,DB,PIT,Bye,,,,,,,,,,,,,,,,,,,514,440,0.00,
Jason Pinnock,2565753,DB,SF,@LAR,1.99,0.58,0.1,0.13,,0.06,,,,,,,,0.19,0.26,,,4.54,125,441,0.00,-4.54
Jalen Pitre,2567688,DB,HOU,@BAL,2.94,1.47,0.06,0.29,0.06,0.06,,,,,,,,0.59,0.18,0.65,,7.85,44,442,0.00,-7.85
Isaiah Pola-Mao,2568993,DB,LV,@IND,4.06,1.88,0.06,0.12,0.06,0.12,0.06,,,,,,,0.35,0.12,1.41,,9.19,16,443,0.00,-9.19
Jordan Polk,2574380,DB,FA,Bye,,,,,,,,,,,,,,,,,,,515,444,0.00,
Darien Porter,2574306,DB,LV,@IND,1.87,0.59,,,0.11,0.05,,,,,,,,0.43,,1.01,,4.83,122,445,0.00,-4.83
Daryl Porter,2573968,DB,PIT,Bye,,,,,,,,,,,,,,,,,,,516,446,0.00,
Joey Porter Jr.,2570251,DB,PIT,Bye,,,,,,,,,,,,,,,,,,,517,447,0.00,
Mishael Powell,2574356,DB,FA,Bye,,,,,,,,,,,,,,,,,,,518,448,0.00,
Jordan Poyer,2539290,DB,BUF,NE,,,,,,,,,,,,,,,,,,0.00,519,449,0.00,0.0
Bobby Price,2563953,DB,FA,Bye,,,,,,,,,,,,,,,,,,,520,450,0.00,
Jayden Price,2572884,DB,NO,NYG,,,,,,,,,,,,,,,,,,0.00,521,451,0.00,0.0
Troy Pride,2563662,DB,FA,Bye,,,,,,,,,,,,,,,,,,,522,452,0.00,
Deantre Prince,2572153,DB,FA,Bye,,,,,,,,,,,,,,,,,,,523,453,0.00,
Nehemiah Pritchett,2572534,DB,SEA,TB,0.18,0.24,,,,,,,,,,,,0.12,,,,0.71,226,454,0.00,-0.71
Myles Purchase,2574525,DB,LAC,WAS,,,,,,,,,,,,,,,,,,0.00,524,455,0.00,0.0
Ennis Rakestraw Jr.,2572018,DB,DET,@CIN,1.12,0.71,,,,,,,,,,,,0.06,,,,2.26,169,456,0.00,-2.26
Jalen Ramsey,2555280,DB,PIT,Bye,,,,,,,,,,,,,,,,,,,525,457,0.00,
Caleb Ransaw,2574229,DB,JAX,KC,,,,,,,,,,,,,,,,,,0.00,526,458,0.00,0.0
Lathan Ransom,2573997,DB,CAR,MIA,,,,,,,,,,,,,,,,,,0.00,527,459,0.00,0.0
Taylor Rapp,2562707,DB,BUF,NE,3.06,2.1,,0.12,0.12,,0.06,,,,,,,0.48,,1.44,,7.76,50,460,0.00,-7.76
Jeremy Reaves,2561394,DB,WAS,@LAC,,,,,,,,,,,,,,,,,,0.00,528,461,0.00,0.0
D.J. Reed,2560850,DB,DET,@CIN,3.18,0.9,,0.24,0.12,0.06,,,,,,,,0.72,0.06,0.42,,8.14,36,462,0.00,-8.14
Jaylen Reed,2574178,DB,HOU,@BAL,,,,,,,,,,,,,,,,,,0.00,529,463,0.00,0.0
Jerrick Reed II,2570332,DB,SEA,TB,,,,,,,,,,,,,,,,,,0.00,530,464,0.00,0.0
Nikko Reed,2574527,DB,LAC,WAS,0.18,0.24,,,,,,,,,,,,0.12,,,,0.71,227,465,0.00,-0.71
Justin Reid,2560851,DB,NO,NYG,3.53,1.47,0.06,0.24,0.12,,,,,,,,,0.47,0.18,1.82,,8.40,30,466,0.00,-8.4
Michael Reid,2573998,DB,CAR,MIA,,,,,,,,,,,,,,,,,,0.00,531,467,0.00,0.0
Shavon Revel Jr.,2574081,DB,DAL,@NYJ,1.39,0.44,,0.06,0.06,,,,,,,,,0.22,,0.33,,3.21,151,468,0.00,-3.21
Decamerion Richardson,2572237,DB,LV,@IND,1.06,0.77,,0.06,0.12,,,,,,,,,0.12,,,,2.86,161,469,0.00,-2.86
Demani Richardson,2572947,DB,CAR,MIA,2.23,1.83,,0.11,0.06,,,,,,,,,0.23,,2.11,,5.46,114,470,0.00,-5.46
Eli Ricks,2570641,DB,FA,Bye,,,,,,,,,,,,,,,,,,,532,471,0.00,
Quincy Riley,2574404,DB,NO,NYG,,,,,,,,,,,,,,,,,,0.00,533,472,0.00,0.0
Kelee Ringo,2570197,DB,PHI,DEN,0.68,0.25,0.02,,0.02,0.02,0.02,,,,,,,0.08,0.06,,,1.60,185,473,0.00,-1.6
JJ Roberts,2574597,DB,TB,@SEA,,,,,,,,,,,,,,,,,,0.00,534,474,0.00,0.0
Amik Robertson,2564430,DB,DET,@CIN,2.08,0.56,0.06,0.17,0.06,0.06,,,,,,,,0.45,0.06,1.01,,5.44,115,475,0.00,-5.44
Ethan Robinson,2574331,DB,FA,Bye,,,,,,,,,,,,,,,,,,,535,476,0.00,
Jaden Robinson,2574098,DB,DEN,@PHI,,,,,,,,,,,,,,,,,,0.00,536,477,0.00,0.0
Jakob Robinson,2574545,DB,SF,@LAR,,,,,,,,,,,,,,,,,,0.00,537,478,0.00,0.0
Jammie Robinson,2569609,DB,KC,@JAX,,,,,,,,,,,,,,,,,,0.00,538,479,0.00,0.0
Lance Robinson,2573016,DB,FA,Bye,,,,,,,,,,,,,,,,,,,539,480,0.00,
Marquise Robinson,2573949,DB,BAL,HOU,,,,,,,,,,,,,,,,,,0.00,540,481,0.00,0.0
Micah Robinson,2574136,DB,GB,Bye,,,,,,,,,,,,,,,,,,,541,482,0.00,
Robert Rochell,2566241,DB,DAL,@NYJ,,,,,,,,,,,,,,,,,,0.00,542,483,0.00,0.0
Isaiah Rodgers,2564142,DB,MIN,@CLE,1.59,0.65,,0.06,0.06,0.06,,,,,,,,0.29,,0.59,,4.03,130,484,0.00,-4.03
Eric Rogers,2574528,DB,LAC,WAS,,,,,,,,,,,,,,,,,,0.00,543,485,0.00,0.0
Christian Roland-Wallace,2572844,DB,KC,@JAX,,,,,,,,,,,,,,,,,,0.00,544,486,0.00,0.0
D'Angelo Ross,2563057,DB,HOU,@BAL,,,,,,,,,,,,,,,,,,0.00,545,487,0.00,0.0
Davion Ross,2574161,DB,FA,Bye,,,,,,,,,,,,,,,,,,,546,488,0.00,
Darius Rush,2569867,DB,WAS,@LAC,,,,,,,,,,,,,,,,,,0.00,547,489,0.00,0.0
Tyson Russell,2574636,DB,FA,Bye,,,,,,,,,,,,,,,,,,,548,490,0.00,
Mike Sainristil,2572582,DB,WAS,@LAC,2.87,1.46,,0.06,0.06,0.06,0.06,,,,,,,0.68,,0.96,,7.48,58,491,0.00,-7.48
Andre' Sam,2572744,DB,PHI,DEN,,,,,,,,,,,,,,,,,,0.00,549,492,0.00,0.0
Asante Samuel Jr.,2566511,DB,FA,Bye,,,,,,,,,,,,,,,,,,,550,493,0.00,
Shilo Sanders,2574598,DB,FA,Bye,,,,,,,,,,,,,,,,,,,551,494,0.00,
Jonas Sanker,2574405,DB,NO,NYG,0.59,0.29,,0.12,0.12,,0.06,,,,,,,0.12,0.12,,,2.08,173,495,0.00,-2.08
Benny Sapp III,2570503,DB,FA,Bye,,,,,,,,,,,,,,,,,,,552,496,0.00,
John Saunders Jr.,2574332,DB,MIA,@CAR,,,,,,,,,,,,,,,,,,0.00,553,497,0.00,0.0
Darnell Savage,2562724,DB,FA,Bye,,,,,,,,,,,,,,,,,,,554,498,0.00,
Brenden Schooler,2568483,DB,NE,@BUF,0.35,0.29,,,,,,,,,,,,,,,,0.70,234,499,0.00,-0.7
Daniel Scott,2569852,DB,IND,LV,0.35,0.24,,,,,,,,,,,,,,,,0.67,239,500,0.00,-0.67
Eric Scott Jr.,2569693,DB,KC,@JAX,,,,,,,,,,,,,,,,,,0.00,555,501,0.00,0.0
Nick Scott,2562905,DB,CAR,MIA,1.68,1.26,,,,,,,,,,,,0.18,,,,3.73,138,502,0.00,-3.73
Kevon Seymour,2555549,DB,FA,Bye,,,,,,,,,,,,,,,,,,,556,503,0.00,
Kendall Sheffield,2562730,DB,FA,Bye,,,,,,,,,,,,,,,,,,,557,504,0.00,
Duke Shelley,2562957,DB,FA,Bye,,,,,,,,,,,,,,,,,,,558,505,0.00,
Nehemiah Shelton,2571786,DB,FA,Bye,,,,,,,,,,,,,,,,,,,559,506,0.00,
Marques Sigle,2574547,DB,SF,@LAR,2,0.71,,0.06,,,,,,,,,,0.12,,,,3.82,135,507,0.00,-3.82
Cam'Ron Silmon-Craig,2574231,DB,JAX,KC,,,,,,,,,,,,,,,,,,0.00,560,508,0.00,0.0
Justin Simmons,2555550,DB,FA,Bye,,,,,,,,,,,,,,,,,,,561,509,0.00,
Jaylin Simpson,2572132,DB,GB,Bye,,,,,,,,,,,,,,,,,,,562,510,0.00,
JL Skinner,2569714,DB,DEN,@PHI,,,,,,,,,,,,,,,,,,0.00,563,511,0.00,0.0
Doneiko Slaughter,2574233,DB,FA,Bye,,,,,,,,,,,,,,,,,,,564,512,0.00,
Darius Slay,2540288,DB,PIT,Bye,,,,,,,,,,,,,,,,,,,565,513,0.00,
Cam Smith,2570071,DB,MIA,@CAR,1.82,0.59,,,,,,,,,,,,0.18,,,,3.53,146,514,0.00,-3.53
Chris Smith II,2570056,DB,LV,@IND,0.35,0.24,,,,,,,,,,,,0.24,,,,1.27,194,515,0.00,-1.27
Harrison Smith,2532948,DB,MIN,@CLE,3.24,1.68,0.09,0.12,0.12,0.06,,,,,,,,0.48,0.12,0.54,,8.14,37,516,0.00,-8.14
Jaylin Smith,2574179,DB,HOU,@BAL,1.47,0.71,,0.06,0.06,0.06,,,,,,,,0.24,0.06,0.76,,3.80,136,517,0.00,-3.8
Keidron Smith,2571120,DB,DEN,@PHI,,,,,,,,,,,,,,,,,,0.00,566,518,0.00,0.0
Melvin Smith Jr.,2574257,DB,KC,@JAX,,,,,,,,,,,,,,,,,,0.00,567,519,0.00,0.0
Mike Smith Jr.,2574082,DB,FA,Bye,,,,,,,,,,,,,,,,,,,568,520,0.00,
Terell Smith,2569636,DB,CHI,Bye,,,,,,,,,,,,,,,,,,,569,521,0.00,
Tremon Smith,2561103,DB,HOU,@BAL,0.12,0.24,,,0.06,,,0.06,,,,,,0.35,,,,1.65,183,522,0.00,-1.65
Tykee Smith,2572555,DB,TB,@SEA,2.73,1.67,0.1,0.33,0.07,,0.07,,,,,,,0.53,0.2,1.07,,7.57,55,523,0.00,-7.57
Chau Smith-Wade,2571895,DB,CAR,MIA,1.68,0.96,,0.12,0.06,0.06,,,,,,,,0.24,,,,4.30,126,524,0.00,-4.3
L'Jarius Sneed,2564304,DB,TEN,@ARI,3.03,1.03,0.06,0.23,0.11,,0.06,,,,,,,0.69,0.17,2,,7.95,41,525,0.00,-7.95
Ameer Speed,2570113,DB,FA,Bye,,,,,,,,,,,,,,,,,,,570,526,0.00,
Benjamin St-Juste,2566604,DB,LAC,WAS,1.06,0.53,,,,,,,,,,,,0.18,,,,2.36,167,527,0.00,-2.36
Malaki Starks,2573952,DB,BAL,HOU,4.59,2,0.06,0.24,0.06,0.06,0.06,,,,,,,0.29,0.18,0.88,,9.89,8,528,0.00,-9.89
Brandon Stephens,2565851,DB,NYJ,DAL,2.76,0.71,0.06,0.06,0.06,,,,,,,,,0.59,0.12,1.76,,6.58,87,529,0.00,-6.58
Tyrique Stevenson,2569627,DB,CHI,Bye,,,,,,,,,,,,,,,,,,,571,530,0.00,
Reddy Steward,2572974,DB,DAL,@NYJ,,,,,,,,,,,,,,,,,,0.00,572,531,0.00,0.0
M.J. Stewart,2560884,DB,HOU,@BAL,0.12,0.24,,,,,0.06,,,,,,,,,,,0.38,250,532,0.00,-0.38
Qwan'tez Stiggers,2572369,DB,NYJ,DAL,0.35,0.47,,,,,,,,,,,,0.18,,,,1.26,196,533,0.00,-1.26
Tarheeb Still,2572483,DB,LAC,WAS,3.06,1.29,0.06,0.12,0.18,,,,,,,,,0.47,0.12,3.41,,7.64,52,534,0.00,-7.64
Derek Stingley Jr.,2567694,DB,HOU,@BAL,1.94,0.77,,0.12,0.24,,,,,,,,,0.88,,1.71,,6.65,84,535,0.00,-6.65
Eric Stokes,2566097,DB,LV,@IND,1.76,0.8,,,,,,,,,,,,0.11,,,,3.40,148,536,0.00,-3.4
Geno Stone,2563584,DB,CIN,DET,2.47,1.88,0.09,,0.18,,0.06,0.06,,,,,,0.47,0.24,3.76,,7.36,64,537,0.00,-7.36
Upton Stout,2574548,DB,SF,@LAR,1.66,0.74,,,0.06,,,,,,,,,0.29,,1.03,,3.90,132,538,0.00,-3.9
Loren Strickland,2573145,DB,DET,@CIN,,,,,,,,,,,,,,,,,,0.00,573,539,0.00,0.0
Dorian Strong,2573974,DB,BUF,NE,0.18,0.29,,0.06,,0.06,,,,,,,,,,,,0.74,224,540,0.00,-0.74
Pat Surtain II,2566043,DB,DEN,@PHI,2.19,0.73,,0.06,0.17,0.06,,0.06,,,,,,0.62,,4.39,,6.55,91,541,0.00,-6.55
Jonathan Sutherland,2571390,DB,FA,Bye,,,,,,,,,,,,,,,,,,,574,542,0.00,
Tre Swilling,2568849,DB,FA,Bye,,,,,,,,,,,,,,,,,,,575,543,0.00,
T.J. Tampa,2571841,DB,BAL,HOU,,,,,,,,,,,,,,,,,,0.00,576,544,0.00,0.0
Alontae Taylor,2567979,DB,NO,NYG,3.41,1.35,0.12,0.35,0.06,0.06,,,,,,,,0.82,0.24,0.65,,9.30,14,545,0.00,-9.3
Ja'Sir Taylor,2568192,DB,LAC,WAS,,,,,,,,,,,,,,,,,,0.00,577,546,0.00,0.0
Keith Taylor,2565911,DB,ATL,Bye,,,,,,,,,,,,,,,,,,,578,547,0.00,
Reese Taylor,2570722,DB,DEN,@PHI,,,,,,,,,,,,,,,,,,0.00,579,548,0.00,0.0
Trey Taylor,2572240,DB,FA,Bye,,,,,,,,,,,,,,,,,,,580,549,0.00,
Cam Taylor-Britt,2567454,DB,CIN,DET,3.18,0.84,,0.06,0.18,0.06,,0.06,,,,,,0.84,,4.38,,8.69,25,550,0.00,-8.69
Dadrion Taylor-Demerson,2572432,DB,ARI,TEN,,,,,,,,,,,,,,,,,,0.00,581,551,0.00,0.0
Ladarius Tennison,2574198,DB,FA,Bye,,,,,,,,,,,,,,,,,,,582,552,0.00,
A.J. Terrell,2563527,DB,ATL,Bye,,,,,,,,,,,,,,,,,,,583,553,0.00,
Ambry Thomas,2566547,DB,PHI,DEN,,,,,,,,,,,,,,,,,,0.00,584,554,0.00,0.0
Azareye'h Thomas,2574452,DB,NYJ,DAL,0.35,0.47,,,0.06,,,,,,,,,0.12,,,,1.32,192,555,0.00,-1.32
Daniel Thomas,2564238,DB,DET,@CIN,0.29,0.35,,,,,,,,,,,,0.12,,,,0.95,207,556,0.00,-0.95
Juanyeh Thomas,2568720,DB,DAL,@NYJ,,,,,,,,,,,,,,,,,,0.00,585,557,0.00,0.0
Rodney Thomas,2567721,DB,IND,LV,0.35,0.24,,,,,,,,,,,,,0.06,,,0.70,235,558,0.00,-0.7
Starling Thomas V,2570963,DB,ARI,TEN,,,,,,,,,,,,,,,,,,0.00,586,559,0.00,0.0
Tavierre Thomas,2561278,DB,MIN,@CLE,,,,,,,,,,,,,,,,,,0.00,587,560,0.00,0.0
Trevian Thomas,2574001,DB,CAR,MIA,,,,,,,,,,,,,,,,,,0.00,588,561,0.00,0.0
Stantley Thomas-Oliver,2563689,DB,FA,Bye,,,,,,,,,,,,,,,,,,,589,562,0.00,
Jalen Thompson,2563339,DB,ARI,TEN,3.54,1.5,0.06,0.18,0.12,,0.06,,,,,,,0.24,0.12,1.86,,7.80,47,563,0.00,-7.8
Josh Thompson,2567775,DB,FA,Bye,,,,,,,,,,,,,,,,,,,590,564,0.00,
Juan Thornhill,2562761,DB,PIT,Bye,,,,,,,,,,,,,,,,,,,591,565,0.00,
Corey Thornton,2574002,DB,CAR,MIA,,,,,,,,,,,,,,,,,,0.00,592,566,0.00,0.0
Tre Tomlinson,2569978,DB,SF,@LAR,0.35,0.41,,,,,,,,,,,,,,,,0.77,223,567,0.00,-0.77
Dante Trader Jr.,2574334,DB,MIA,@CAR,0.12,0.29,,,,,,,,,,,,0.12,,,,0.65,242,568,0.00,-0.65
Cory Trice Jr.,2570254,DB,PIT,Bye,,,,,,,,,,,,,,,,,,,593,569,0.00,
DJ Turner II,2569654,DB,CIN,DET,1.97,0.55,0.06,0.12,0.06,,,,,,,,,0.49,0.06,1.42,,5.10,119,570,0.00,-5.1
Delarrin Turner-Yell,2567532,DB,DEN,@PHI,,,,,,,,,,,,,,,,,,0.00,594,571,0.00,0.0
Nate Valcarcel,2574281,DB,LAR,SF,,,,,,,,,,,,,,,,,,0.00,595,572,0.00,0.0
Carrington Valentine,2569774,DB,GB,Bye,,,,,,,,,,,,,,,,,,,596,573,0.00,
Greedy Vance,2574313,DB,LV,@IND,,,,,,,,,,,,,,,,,,0.00,597,574,0.00,0.0
Zemaiah Vaughn,2574359,DB,MIN,@CLE,,,,,,,,,,,,,,,,,,0.00,598,575,0.00,0.0
Malik Verdon,2573919,DB,ATL,Bye,,,,,,,,,,,,,,,,,,,599,576,0.00,
Mikey Victor,2573352,DB,FA,Bye,,,,,,,,,,,,,,,,,,,600,577,0.00,
Car'lin Vigers,2574617,DB,WAS,@LAC,,,,,,,,,,,,,,,,,,0.00,601,578,0.00,0.0
Kindle Vildor,2563713,DB,TB,@SEA,,,,,,,,,,,,,,,,,,0.00,602,579,0.00,0.0
Shaun Wade,2565854,DB,FA,Bye,,,,,,,,,,,,,,,,,,,603,580,0.00,
Jeremiah Walker,2574022,DB,FA,Bye,,,,,,,,,,,,,,,,,,,604,581,0.00,
Josh Wallace,2573749,DB,LAR,SF,,,,,,,,,,,,,,,,,,0.00,605,582,0.00,0.0
K'Von Wallace,2564871,DB,MIN,@CLE,,,,,,,,,,,,,,,,,,0.00,606,583,0.00,0.0
Levi Wallace,2560914,DB,FA,Bye,,,,,,,,,,,,,,,,,,,607,584,0.00,
Justin Walley,2574203,DB,IND,LV,,,,,,,,,,,,,,,,,,0.00,608,585,0.00,0.0
Charvarius Ward,2561417,DB,IND,LV,3,1,,0.12,0.18,0.06,,0.06,,,,,,0.82,,4.47,,8.56,28,586,0.00,-8.56
Denzel Ward,2560916,DB,CLE,MIN,1.86,0.42,,0.06,0.18,0.06,0.06,0.06,,,,,,0.96,,4.02,,6.81,78,587,0.00,-6.81
Jay Ward,2570089,DB,MIN,@CLE,0.35,0.24,,,0.12,,,,,,,,,0.29,,,,1.81,179,588,0.00,-1.81
Jimmie Ward,2543741,DB,HOU,@BAL,,,,,,,,,,,,,,,,,,0.00,609,589,0.00,0.0
Ar'Darius Washington,2566632,DB,BAL,HOU,,,,,,,,,,,,,,,,,,0.00,610,590,0.00,0.0
Trey Washington,2574205,DB,IND,LV,,,,,,,,,,,,,,,,,,0.00,611,591,0.00,0.0
Jaylen Watson,2567811,DB,KC,@JAX,1.21,0.67,,0.06,0.06,,,,,,,,,0.3,,1.34,,3.31,149,592,0.00,-3.31
Xavier Watts,2573921,DB,ATL,Bye,,,,,,,,,,,,,,,,,,,612,593,0.00,
Isas Waxter,2574577,DB,FA,Bye,,,,,,,,,,,,,,,,,,,613,594,0.00,
Sam Webb,2569005,DB,TEN,@ARI,,,,,,,,,,,,,,,,,,0.00,614,595,0.00,0.0
Aydan White,2574236,DB,FA,Bye,,,,,,,,,,,,,,,,,,,615,596,0.00,
Tre'Davious White,2557867,DB,BUF,NE,1.12,0.82,,,0.06,,,,0.06,,,,,0.18,,,0.06,3.07,153,597,0.00,-3.07
Nick Whiteside,2571635,DB,FA,Bye,,,,,,,,,,,,,,,,,,,616,598,0.00,
Nate Wiggins,2571847,DB,BAL,HOU,2.08,0.79,,,0.17,0.06,,0.06,,,,,,0.9,,4.33,,7.03,71,599,0.00,-7.03
Damarion Williams,2567316,DB,FA,Bye,,,,,,,,,,,,,,,,,,,617,600,0.00,
Darious Williams,2561469,DB,LAR,SF,3.93,1,,0.13,0.13,,,0.07,,,,,,0.8,,2.93,,9.52,13,601,0.00,-9.52
Dee Williams,2572789,DB,NYG,@NO,,,,,,,,,,,,,,,,,,0.00,618,602,0.00,0.0
Evan Williams,2572057,DB,GB,Bye,,,,,,,,,,,,,,,,,,,619,603,0.00,
Garrett Williams,2570221,DB,ARI,TEN,2.22,0.96,,,0.18,0.06,,,,,,,,0.48,,1.38,,5.99,104,604,0.00,-5.99
Joshua Williams,2567814,DB,KC,@JAX,0.35,0.24,,,,,,,,,,,,,,,,0.67,240,605,0.00,-0.67
Major Williams,2574259,DB,FA,Bye,,,,,,,,,,,,,,,,,,,620,606,0.00,
Nohl Williams,2574260,DB,KC,@JAX,0.82,0.35,,,0.06,,,,,,,,,0.18,,,,2.10,172,607,0.00,-2.1
Kendall Williamson,2569639,DB,LAC,WAS,0.18,0.24,,,,,,,,,,,,0.18,0.06,,,0.89,211,608,0.00,-0.89
Divaad Wilson,2571032,DB,FA,Bye,,,,,,,,,,,,,,,,,,,621,609,0.00,
Donovan Wilson,2562604,DB,DAL,@NYJ,2.36,2.08,0.17,0.23,0.06,0.11,0.06,,,,,,,0.23,0.28,0.45,,6.86,76,610,0.00,-6.86
Marco Wilson,2566439,DB,CIN,DET,0.24,0.24,,,0.06,,,,,,,,,0.12,,,,1.01,205,611,0.00,-1.01
Antoine Winfield Jr.,2565261,DB,TB,@SEA,3.02,2.22,0.18,0.18,0.12,0.12,0.06,,,,,,,0.31,0.37,1.29,,8.40,31,612,0.00,-8.4
Andrew Wingard,2562606,DB,JAX,KC,2.47,1.41,0.06,0.12,0.06,0.06,,,,,,,,0.24,0.12,0.71,,5.95,106,613,0.00,-5.95
Kevin Winston Jr.,2574165,DB,TEN,@ARI,0.41,0.41,,,,,,,,,,,,,,,,0.86,214,614,0.00,-0.86
Rashad Wisdom,2573593,DB,TB,@SEA,0.41,0.47,,,,,,,,,,,,,,,,0.90,210,615,0.00,-0.9
Ahkello Witherspoon,2558157,DB,LAR,SF,,,,,,,,,,,,,,,,,,0.00,622,616,0.00,0.0
Devon Witherspoon,2570323,DB,SEA,TB,3.87,1.67,0.1,0.33,0.07,0.07,,,,,,,,,,,,7.99,40,617,0.00,-7.99
Samuel Womack,2568219,DB,TEN,@ARI,0.35,0.24,,,0.06,,,,,,,,,,,,,0.88,212,618,0.00,-0.88
A.J. Woods,2573617,DB,FA,Bye,,,,,,,,,,,,,,,,,,,623,619,0.00,
Charles Woods,2573755,DB,NE,@BUF,,,,,,,,,,,,,,,,,,0.00,624,620,0.00,0.0
JT Woods,2568195,DB,LV,@IND,,,,,,,,,,,,,,,,,,0.00,625,621,0.00,0.0
Xavier Woods,2558159,DB,TEN,@ARI,3.12,1.92,,0.18,0.12,,0.06,,,,,,,0.36,,2.4,,7.56,56,622,0.00,-7.56
Craig Woodson,2574389,DB,NE,@BUF,,,,,,,,,,,,,,,,,,0.00,626,623,0.00,0.0
Riq Woolen,2568288,DB,SEA,TB,1.86,0.79,,0.06,0.17,,0.06,0.06,,,,,,0.84,,2.7,,6.44,96,624,0.00,-6.44
Daryl Worley,2555394,DB,FA,Bye,,,,,,,,,,,,,,,,,,,627,625,0.00,
Nahshon Wright,2566022,DB,CHI,Bye,,,,,,,,,,,,,,,,,,,628,626,0.00,
Rejzohn Wright,2570783,DB,NO,NYG,0.59,0.29,,,0.06,,,,,,,,,0.24,,,,1.87,177,627,0.00,-1.87
Rock Ya-Sin,2562614,DB,DET,@CIN,,,,,,,,,,,,,,,,,,0.00,629,628,0.00,0.0
Russ Yeast,2567865,DB,CIN,DET,,,,,,,,,,,,,,,,,,0.00,630,629,0.00,0.0
Isaac Yiadom,2560946,DB,NO,NYG,0.59,0.41,,,0.12,,,,,,,,,0.41,,,,2.58,165,630,0.00,-2.58
